baseline, MinkUNeXt_baseline_0.01_20250918_2301_epoch1, 80.62, 66.83, 93.17, 80.79, 87.03, 74.19, 83.19, 74.57, 86.00, 74.09
baseline, MinkUNeXt_baseline_0.01_20250918_2301_epoch10, 96.13, 90.91, 96.78, 89.76, 90.93, 82.25, 88.78, 83.41, 93.15, 86.58
baseline, MinkUNeXt_baseline_0.01_20250918_2301_epoch20, 97.64, 93.85, 94.91, 87.69, 90.99, 81.86, 87.98, 81.50, 92.88, 86.22
baseline, MinkUNeXt_baseline_0.01_20250918_2301_epoch30, 98.22, 94.70, 95.24, 84.99, 91.46, 83.33, 88.25, 82.33, 93.29, 86.34
baseline, MinkUNeXt_baseline_0.01_20250918_2301_epoch40, 98.37, 95.34, 94.65, 86.92, 92.81, 84.20, 89.79, 84.98, 93.91, 87.86
baseline, MinkUNeXt_baseline_0.01_20250918_2301_epoch100, 98.63, 96.13, 95.36, 88.85, 92.28, 85.28, 89.71, 84.32, 94.00, 88.64
baseline, MinkUNeXt_baseline_0.01_20250918_2301_epoch110, 99.05, 97.01, 95.88, 88.08, 91.60, 84.41, 90.30, 84.52, 94.21, 88.51
baseline, MinkUNeXt_baseline_0.01_20250918_2301_epoch120, 99.00, 96.98, 95.55, 88.27, 91.94, 84.61, 89.94, 84.45, 94.11, 88.58
baseline, MinkUNeXt_baseline_0.01_20250918_2301_epoch130, 99.11, 97.12, 94.97, 87.70, 91.60, 83.67, 89.19, 83.46, 93.72, 87.99
baseline, MinkUNeXt_baseline_0.01_20250918_2301_epoch140, 99.11, 97.15, 95.17, 88.60, 91.87, 83.73, 89.86, 84.37, 94.00, 88.46
baseline, MinkUNeXt_baseline_0.01_20250918_2301_epoch150, 99.11, 97.13, 96.07, 89.95, 92.34, 84.41, 90.32, 84.72, 94.46, 89.06
baseline, MinkUNeXt_baseline_0.01_20250918_2301_epoch160, 99.11, 97.26, 95.62, 88.86, 92.20, 84.55, 90.35, 84.62, 94.32, 88.82
baseline, MinkUNeXt_baseline_0.01_20250918_2301_epoch170, 99.11, 97.25, 95.69, 89.12, 92.20, 84.88, 90.14, 84.67, 94.29, 88.98
baseline, MinkUNeXt_baseline_0.01_20250918_2301_epoch180, 99.11, 97.27, 95.81, 89.37, 92.07, 85.01, 90.40, 84.90, 94.35, 89.14
baseline, MinkUNeXt_baseline_0.01_20250918_2301_epoch190, 99.13, 97.28, 95.81, 89.37, 92.21, 84.27, 90.30, 84.57, 94.36, 88.87
baseline, MinkUNeXt_baseline_0.01_20250918_2301_epoch200, 99.11, 97.26, 95.94, 89.31, 92.07, 84.74, 90.40, 84.75, 94.38, 89.01
baseline, MinkUNeXt_baseline_0.01_20250918_2301_epoch200, 99.11, 97.26, 95.94, 89.31, 92.07, 84.74, 90.40, 84.75, 94.38, 89.01
