baseline, MinkUNeXt_baseline_0.01_20250924_0526_epoch1, 80.29, 65.98, 94.01, 81.38, 87.43, 76.01, 82.81, 74.84, 86.14, 74.55
baseline, MinkUNeXt_baseline_0.01_20250924_0526_epoch10, 96.11, 90.95, 95.75, 88.40, 91.26, 84.08, 89.36, 83.16, 93.12, 86.64
baseline, MinkUNeXt_baseline_0.01_20250924_0526_epoch20, 97.61, 93.57, 95.04, 86.72, 91.40, 83.19, 89.09, 83.49, 93.28, 86.74
baseline, MinkUNeXt_baseline_0.01_20250924_0526_epoch30, 98.01, 94.35, 95.55, 88.47, 93.28, 86.29, 89.64, 84.17, 94.12, 88.32
baseline, MinkUNeXt_baseline_0.01_20250924_0526_epoch40, 98.57, 95.32, 94.46, 87.44, 91.74, 84.13, 89.31, 83.39, 93.52, 87.57
baseline, MinkUNeXt_baseline_0.01_20250924_0526_epoch50, 98.66, 95.73, 95.94, 89.82, 93.22, 86.09, 89.87, 84.65, 94.42, 89.07
baseline, MinkUNeXt_baseline_0.01_20250924_0526_epoch60, 98.66, 96.16, 95.24, 87.63, 91.73, 85.48, 90.10, 84.22, 93.93, 88.37
baseline, MinkUNeXt_baseline_0.01_20250924_0526_epoch70, 99.10, 96.91, 95.82, 88.47, 92.34, 85.41, 90.45, 84.85, 94.43, 88.91
baseline, MinkUNeXt_baseline_0.01_20250924_0526_epoch75, 99.10, 96.96, 95.95, 87.96, 91.80, 85.68, 90.45, 85.10, 94.32, 88.93
baseline, MinkUNeXt_baseline_0.01_20250924_0526_epoch80, 99.11, 97.08, 96.40, 88.86, 91.80, 85.95, 90.55, 85.10, 94.46, 89.25
baseline, MinkUNeXt_baseline_0.01_20250924_0526_epoch90, 99.08, 97.07, 96.53, 88.73, 91.86, 85.54, 90.22, 85.16, 94.42, 89.12
baseline, MinkUNeXt_baseline_0.01_20250924_0526_epoch100, 99.05, 97.09, 96.33, 88.86, 92.54, 86.62, 91.13, 85.99, 94.76, 89.64
baseline, MinkUNeXt_baseline_0.01_20250924_0526_epoch110, 99.14, 97.07, 96.33, 89.76, 92.81, 86.08, 91.08, 86.09, 94.84, 89.75
baseline, MinkUNeXt_baseline_0.01_20250924_0526_epoch120, 99.15, 97.22, 96.53, 90.01, 92.87, 86.29, 90.70, 86.01, 94.81, 89.89
baseline, MinkUNeXt_baseline_0.01_20250924_0526_epoch120, 99.15, 97.22, 96.53, 90.01, 92.87, 86.29, 90.70, 86.01, 94.81, 89.89
